{
  "height": 48,
  "width": 112,
  "x": 694.1458740234375,
  "y": 643.1667060852051
}