{
  "height": 47,
  "width": 116,
  "x": 579.8176879882812,
  "y": 871.2890396118164
}