{
  "height": 48,
  "width": 117,
  "x": 451.9583435058594,
  "y": 840.0000305175781
}