{
  "height": 41,
  "width": 394,
  "x": 1180.229248046875,
  "y": 1551.3333740234375
}