{
  "height": 16,
  "width": 16,
  "x": 340.32293701171875,
  "y": 728.0000419616699
}