{
  "height": 39,
  "width": 340,
  "x": 463.9583435058594,
  "y": 3998.1979370117188
}