{
  "height": 52,
  "width": 246,
  "x": 147.4166717529297,
  "y": 1779.6666679382324
}