{
  "height": 48,
  "width": 242,
  "x": 752.7604370117188,
  "y": 2035.3333740234375
}