{
  "x": 505.1499938964844,
  "y": 4422.39990234375,
  "width": 343.683349609375,
  "height": 52
}