{
  "x": 871.61669921875,
  "y": 1550,
  "width": 394.5833129882813,
  "height": 42
}