{
  "x": 857.0333251953125,
  "y": 1582,
  "width": 416.4666748046875,
  "height": 42
}