{
  "x": 500.316650390625,
  "y": 3951.39990234375,
  "width": 353.3666687011719,
  "height": 52
}